MSE: 0.197047
MAE: 0.397482
RMSE: 0.398752
