MSE: 0.197050
MAE: 0.397491
RMSE: 0.398767
